#
# Sprite sheet data for Unity.
#
# To import these sprites into your Unity project, download "TexturePackerImporter":
# https://www.codeandweb.com/texturepacker/unity
#
# $TexturePacker:SmartUpdate:f555b76fd625495d40a34817e0d6815c:a70e4ab109f5627898fa01c1532b0e6b:a123ff9f6e44b29574342fcc7db010e7$
#
:format=40300
:texture=Indy500.png
:size=2048x512
:pivotpoints=enabled
:borders=disabled
:alphahandling=ClearTransparentPixels

car_black_1;1301;380;71;131; 0.5;0.5; 0;0;0;0; 6;71;0;0;0;0;127;8;130;11;131;71;131; 4;0;4;5;1;4;0;1;2;3;1;3;4
car_blue_1;1976;120;71;131; 0.5;0.5; 0;0;0;0; 6;71;0;0;0;0;127;8;130;11;131;71;131; 4;0;4;5;1;4;0;1;2;3;1;3;4
road_asphalt01;1171;383;128;128; 0.5;0.5; 0;0;0;0; 4;128;0;0;0;0;128;128;128; 2;1;2;3;0;1;3
road_asphalt02;1041;383;128;128; 0.5;0.5; 0;0;0;0; 4;128;0;0;0;0;128;128;128; 2;1;2;3;0;1;3
road_asphalt03;1919;253;128;128; 0.5;0.5; 0;0;0;0; 7;128;0;0;0;0;28;4;51;22;95;72;128;128;128; 5;0;5;6;4;0;3;4;5;0;0;2;3;0;1;2
road_asphalt05;911;253;128;128; 0.5;0.5; 0;0;0;0; 6;118;75;128;25;128;0;0;0;0;128;64;128; 4;3;4;5;1;2;3;0;1;3;0;3;5
road_asphalt19;1919;383;128;128; 0.5;0.5; 0;0;0;0; 4;128;0;0;0;0;128;128;128; 2;1;2;3;0;1;3
road_asphalt20;911;383;128;128; 0.5;0.5; 0;0;0;0; 4;128;0;0;0;0;128;128;128; 2;1;2;3;0;1;3
road_asphalt37;781;123;128;128; 0.5;0.5; 0;0;0;0; 4;128;0;0;0;0;128;128;128; 2;1;2;3;0;1;3
road_asphalt38;651;123;128;128; 0.5;0.5; 0;0;0;0; 4;128;0;0;0;0;128;128;128; 2;1;2;3;0;1;3
road_asphalt42;521;123;128;128; 0.5;0.5; 0;0;0;0; 4;128;0;0;0;0;128;128;128; 2;1;2;3;0;1;3
road_asphalt43;391;123;128;128; 0.5;0.5; 0;0;0;0; 4;128;0;0;0;0;128;128;128; 2;1;2;3;0;1;3
road_asphalt55;781;253;128;128; 0.5;0.5; 0;0;0;0; 4;128;0;0;0;0;128;128;128; 2;1;2;3;0;1;3
road_asphalt56;651;253;128;128; 0.5;0.5; 0;0;0;0; 4;128;0;0;0;0;128;128;128; 2;1;2;3;0;1;3
road_asphalt57;521;253;128;128; 0.5;0.5; 0;0;0;0; 4;128;0;0;0;0;128;128;128; 2;1;2;3;0;1;3
road_asphalt58;781;383;128;128; 0.5;0.5; 0;0;0;0; 4;128;0;0;0;0;128;128;128; 2;1;2;3;0;1;3
road_asphalt59;651;383;128;128; 0.5;0.5; 0;0;0;0; 4;128;0;0;0;0;128;128;128; 2;1;2;3;0;1;3
road_asphalt60;521;383;128;128; 0.5;0.5; 0;0;0;0; 6;128;109;128;0;0;0;0;95;33;128;85;128; 4;3;4;5;1;3;5;1;2;3;0;1;5
road_asphalt61;391;253;128;128; 0.5;0.5; 0;0;0;0; 6;128;107;128;20;85;0;0;0;0;128;85;128; 4;3;4;5;2;3;5;0;1;2;0;2;5
road_asphalt73;391;383;128;128; 0.5;0.5; 0;0;0;0; 4;128;0;0;0;0;128;128;128; 2;1;2;3;0;1;3
road_asphalt74;261;123;128;128; 0.5;0.5; 0;0;0;0; 4;128;0;0;0;0;128;128;128; 2;1;2;3;0;1;3
road_asphalt75;131;123;128;128; 0.5;0.5; 0;0;0;0; 4;128;0;0;0;0;128;128;128; 2;1;2;3;0;1;3
road_asphalt76;261;253;128;128; 0.5;0.5; 0;0;0;0; 4;128;0;0;0;0;128;128;128; 2;1;2;3;0;1;3
road_asphalt77;1;123;128;128; 0.5;0.5; 0;0;0;0; 7;128;0;36;0;6;23;0;47;0;94;34;128;128;128; 5;1;5;6;3;4;5;1;3;5;1;2;3;0;1;6
road_asphalt78;131;253;128;128; 0.5;0.5; 0;0;0;0; 7;128;25;88;0;27;0;2;36;0;47;0;128;128;128; 5;4;5;6;0;4;6;3;4;1;3;1;2;0;1;4
road_asphalt79;261;383;128;128; 0.5;0.5; 0;0;0;0; 4;128;0;0;0;0;128;128;128; 2;1;2;3;0;1;3
road_asphalt80;1;253;128;128; 0.5;0.5; 0;0;0;0; 4;128;0;0;0;0;128;128;128; 2;1;2;3;0;1;3
road_asphalt81;131;383;128;128; 0.5;0.5; 0;0;0;0; 4;128;0;0;0;0;128;128;128; 2;1;2;3;0;1;3
road_asphalt82;1;383;128;128; 0.5;0.5; 0;0;0;0; 4;128;0;0;0;0;128;128;128; 2;1;2;3;0;1;3
